3327 2071 2970 2073 3321
3327 2447 3321 2609 2710
3327 2609 3321 2685 2788
3327 3321 1627 2685 2710
3327 2573 537 2685 3321
3327 1964 2911 3321 2685
3327 284 3321 994 1627
3327 1141 2507 3321 1627
3327 2507 1627 3321 2417
1467 1461 3327 2278 3319
3327 2696 2447 3321 2949
3327 1584 769 2685 2573
3327 491 1976 3321 344
3327 2609 3321 2710 2685
1594 3327 3321 2098 2095
3327 2788 3321 2685 323
3327 1627 3321 2685 3168
3327 1905 3321 2685 1958
2203 3327 1847 3321 2417
3327 3321 1905 2685 1958
3327 1627 3321 2417 2685
3327 3321 491 483 2696
3327 1627 3321 3286 2685
3327 3321 2696 2685 1627
284 3327 300 3321 301
3327 3321 2573 2685 2911
3327 2609 1594 3321 1049
1344 3327 1141 537 3321
3327 3321 2685 2788 2710
444 3327 2788 1486 3321
3327 2507 3321 1627 2447
3327 284 2456 3321 300
3327 2788 323 2933 3321
3327 3321 2788 2685 2710
3327 1467 1461 3321 2685
3327 1594 3321 2685 2788
3327 1964 2911 2685 3321
3327 3321 2685 2710 3297
3327 3297 3321 2685 2573
3327 3321 1330 2187 284
3327 2071 2073 2685 2788
491 3327 1976 483 1318
3327 2573 191 190 3321
3327 2507 2447 2417 3321
3327 3321 2685 994 2788
3327 491 1976 3321 2417
3327 1594 3321 2098 2788
3327 2911 3321 2337 2685
3327 3321 1376 2788 1215
3327 1330 2187 3321 2186
3327 2609 3321 2447 2710
3327 3321 2788 2447 2685
3327 1627 3321 2696 2685
3327 2573 3321 190 2071
3327 3321 2609 2447 2788
3327 284 3321 994 1627
3327 2788 323 2933 3321
3327 2447 3321 1627 2788
3327 3321 1627 2417 284
3327 3321 2685 3065 769
3327 3321 3065 2685 1584
3327 1627 2507 3321 2685
3327 3168 3321 1627 2685
3327 2260 2261 3321 2685
1376 3327 1594 3321 2685
3327 491 3321 1976 2417
3327 284 3321 300 994
3327 2507 3321 1627 2447
3327 2573 1011 2685 3321
3327 3321 2685 769 2573
3327 3321 1627 2685 896
3327 2609 1594 3321 505
3327 3321 2685 2788 1627
3327 3321 1532 1787 3298
3327 3321 2685 3065 1026
3327 3321 2685 2573 2911
3327 1964 2911 2685 3321
3327 2609 3321 2447 2710
3327 2685 3321 2573 2071
2203 3327 3321 2417 2740
3327 491 1976 3321 344
3327 3321 737 736 2685
3327 2911 3321 2685 2337
3327 284 3321 300 1627
3327 3321 2573 2685 2911
3327 2507 2447 1627 3321
3327 3298 3321 465 463
2203 3327 3321 2417 2685
491 3327 483 1976 1318
3327 3321 1627 2685 1905
3327 3321 3168 1627 2685
3327 3321 2696 1627 2685
3327 2609 3321 2447 2710
3327 1627 3321 3168 2685
2203 3327 3321 2740 375
3327 3321 2788 2685 1594
3327 1627 3321 2685 896
2456 3327 559 2685 1931
3327 537 3321 2685 2033
3327 3168 1627 1496 3321
3327 1627 3321 2685 1552
284 3327 300 301 3321
3327 1627 2507 3321 2417
3327 537 2047 3321 2033
3327 2911 3321 2337 1964
284 3327 3321 300 301
3327 1905 1958 3321 1906
3327 1922 1152 3321 1162
1905 3327 1958 3321 1205
2203 3327 3321 2417 300
3327 3321 2685 2911 2456
3327 1976 3321 2496 2417
3327 1627 3321 2685 2507
491 3327 1976 483 1318
3327 1330 2187 2186 3321
3327 1627 3321 2685 1552
2573 3327 2685 1011 1905
3327 3321 1627 2685 896
3327 1197 3321 2685 1554
3327 3321 2447 2696 2685
3327 2911 2685 3321 1964
3327 1964 3321 1584 769
3327 2573 3321 2685 1905
3327 934 2685 2573 3321
3327 1594 3321 1376 2098
3327 3321 2685 896 1627
2071 3327 2073 3321 2075
3327 3321 3297 1787 1532
3327 3168 1627 3321 2685
2203 3327 3321 2417 2740
2203 3327 3321 2685 1627
3327 1197 3321 1215 2788
3327 2573 1011 2911 3321
3327 3321 896 2685 1627
3327 1467 1461 3321 2685
3327 2788 2462 3321 2685
3327 2507 1627 3321 1535
3327 3168 1627 3321 1496
3327 3321 1627 284 994
3327 234 1077 1078 3321
3327 3321 1627 2417 284
3327 2507 3321 1627 2447
3327 537 1344 1141 3321
284 3327 3321 300 301
3327 1141 2507 3321 1627
3327 1467 3321 1461 2911
3327 3321 1627 2685 2417
3327 3321 3065 2685 769
1594 3327 3321 2098 2095
3327 1627 3321 3168 1496
3327 3321 2447 2685 2788
3327 2447 3321 2685 2417
284 3327 300 3321 301
3327 2685 3321 1584 3065
3327 769 3321 2685 2573
3327 2685 2960 3321 2573
3327 1330 2187 3321 2186
3327 2507 1627 3321 1141
3327 3321 2685 2710 2609
3327 1330 3321 284 2187
3327 3321 2417 2447 491
3327 3168 1627 3321 2685
3327 3321 537 2710 2685
1344 3327 1141 2168 537
3327 3321 1627 2685 896
3327 491 3321 2417 1976
3327 2158 3352 1560 2449
3327 1171 3321 2685 1584
3327 1141 2507 1627 3321
491 3327 1976 483 3321
3327 3321 2685 2573 2911
3327 1594 3321 1376 2788
3327 2447 3321 2710 2685
3327 1627 3168 1496 3321
3327 3321 2507 1627 2685
3327 1627 3321 2507 2417
3327 2573 191 190 883
3327 3321 3298 2685 1787
3327 2573 3321 2685 1011
3327 3321 737 284 736
3327 1467 3321 1461 2685
3327 1330 2187 3321 2186
3327 3321 1627 2696 2227
3327 3321 2685 3065 1584
3327 2227 2696 3321 1627
3327 1330 2187 2186 3321
2203 3327 3321 1627 924
3327 1467 1461 3321 2685
3327 1627 3321 2685 3168
3327 3321 2911 2685 2337
3327 1976 3321 2496 491
3327 2573 1011 1905 2685
3327 2573 2685 3321 2911
3327 2788 3321 2685 444
2696 3327 2447 3321 2685
934 3327 2573 3321 2685
3327 3321 1594 2685 2788
3327 3321 1905 2685 1958
3327 1627 2507 3321 2417
3327 2609 3321 1594 2685
3327 3321 1627 2685 3168
2071 3327 2073 3321 2685
3327 3321 2609 2685 2788
3327 3321 3297 2685 2911
3327 3321 1627 2417 2685
3327 2507 1627 2417 3321
3327 2447 3321 2685 2696
1344 3327 537 1141 1798
3327 1330 2187 3321 2186
3327 1627 3168 3321 1496
3327 3321 2685 2071 2073
3327 1627 3321 2685 2788
3327 2911 3321 2685 3350
3327 3321 491 1976 2417
3327 2573 3321 1011 2685
3327 3321 537 1344 2685
3327 2788 2462 3321 2622
1344 3327 1141 537 3321
3327 3321 2685 2788 2447
3327 3297 3321 2685 2573
3327 3321 491 1976 2417
3327 3321 2447 2685 2788
3327 3321 1627 2685 896
3327 491 3321 1976 483
3327 2071 2573 190 191
3327 2685 3321 3065 2456
3327 3321 2685 1905 1627
3327 1467 1461 3321 2685
3327 2071 2073 2685 3321
3327 3321 2685 2911 2573
3327 3321 2447 1976 2417
3327 3297 3321 2685 2573
3327 2788 2462 3321 2685
3327 1594 3321 2098 2685
3327 3321 1594 1627 1356
3327 3321 2685 3297 1787
3327 1905 3321 2685 1958
3327 3321 2685 1787 3065
3327 934 2911 2573 3321
1376 3327 825 3321 2672
3327 3321 284 1627 2685
3327 3187 3321 3072 2842
3327 2203 3321 1627 2685
284 3327 300 3321 301
3327 2573 2911 3321 2685
3327 1905 1958 3321 1205
3327 3321 284 1627 2417
3327 3321 491 1976 2417
3327 3321 2685 1905 1958
3327 1627 2507 3321 3286
3327 3321 2685 2911 2573
3327 2071 2073 3321 2685
3327 3297 3321 2685 2573
1344 3327 1141 537 3321
3327 2071 2073 3321 2685
3327 3321 2685 896 1627
3327 3321 2447 2685 2609
3327 3321 2685 2911 3297
3327 2573 1905 1011 3321
3327 3321 2447 2685 1905
3327 1141 3321 2685 537
3327 2071 2073 3321 2788
3327 284 3321 300 1841
3327 2573 2685 3321 934
444 3327 2788 1486 3321
3327 2261 2260 2685 3321
3327 1627 3321 2685 896
3327 284 3321 2456 2454
3327 3321 1627 2685 896
3327 1376 3321 1594 2788
3327 2685 2573 3321 1011
1964 3327 2911 3321 2337
3327 3187 3321 3072 2842
3327 2685 3321 3065 1584
3327 3321 1627 2685 2507
3327 284 3321 2456 300
3327 3321 1594 2609 1376
3327 1627 3321 2507 3286
3327 2788 2071 2462 3321
1964 3327 2911 2337 3321
3327 3187 3321 3072 2685
3327 3321 2685 2788 3065
3327 1627 3321 2685 896
3327 3253 3321 2685 1026
3327 3321 1627 2685 2203
3327 3321 3297 2685 1787
3327 3321 2911 2685 2573
3327 491 1976 3321 1318
2203 3327 3321 2740 376
3327 3321 2685 2788 1376
3327 1627 3321 2685 2507
3327 2911 2573 1964 3321
3327 1467 1461 3321 1469
3327 2788 2462 3321 2685
2203 3327 3321 2685 1627
3327 1627 3321 2507 2685
3327 3321 2609 2788 2685
3327 1976 2496 3321 2495
3327 2447 3321 2685 2788
3327 1627 3321 2696 2685
2071 3327 2073 2075 3321
3327 3321 1467 1461 2685
3327 2696 650 3321 2685
3327 2507 1627 3321 2417
3327 1905 3321 1958 2685
3327 2685 3321 727 1547
3327 3321 2685 2573 3065
3327 3321 2685 1905 1627
3327 491 3321 483 1976
3327 2507 1627 3321 3225
3327 3321 2260 2261 2685
3327 3187 3321 3072 2842
3327 1330 2187 3321 2186
3327 1330 2187 3321 2186
3327 3321 2685 336 3065
491 3327 483 1976 1318
3327 3321 1330 2187 2186
3327 2911 1964 3321 2685
3327 3321 2685 2573 1627
2573 190 3327 191 3170
3327 1141 3321 2507 1627
3327 3321 3187 3253 2685
284 3327 301 300 2379
3327 3321 2685 2710 537
3327 2788 3321 2462 2685
2071 3327 2073 3321 2075
3327 3297 3321 2685 1662
3327 3321 2071 2685 2788
3327 2071 2073 3321 2685
3327 1627 3321 2685 2417
3327 1584 2685 3321 769
3327 1627 2507 3321 2685
3327 190 191 2573 2071
3327 3321 1627 2417 2685
3327 3321 2788 2685 284
3327 2696 1627 3321 2685
3327 1627 3321 2507 2417
2203 3327 3321 679 284
3327 1330 2187 3321 2186
3327 3321 1627 1976 2685
3327 3321 2685 491 1627
3327 2573 2911 3321 2685
3327 1594 3321 2788 2609
3327 3168 1627 3321 2685
3327 3321 3187 3072 2685
3327 3321 2685 2788 2710
3327 537 3321 1141 2685
3327 3321 769 1584 1964
2071 3327 2073 2075 3321
3327 1905 3321 2685 1958
3327 1376 1594 3321 2303
3327 2696 3321 2447 526
3327 2911 2685 3321 2133
3327 3297 3321 2685 1787
1627 3327 3286 3321 2507
3327 3321 2788 2685 2933
3327 3321 2456 2685 559
3327 2507 2417 1627 3321
3187 3327 3321 3072 2842
3327 3321 2685 1627 896
3327 3321 537 2685 1141
1376 3327 825 3321 2685
3327 1627 3321 2417 2507
3327 3321 1627 2685 3168
3327 284 3321 1627 300
3327 3321 2685 2447 1905
3327 284 3321 300 301
3327 2573 2911 1964 769
3327 3321 1976 1627 2496
3327 3321 2685 2033 537
3327 1627 3321 2696 2685
284 3327 3321 300 301
3327 1905 1958 3321 2685
3327 3321 2788 2685 2710
444 3327 2788 1486 1065
3327 2788 3321 2685 2462
2203 3327 3321 2417 300
2573 3327 3321 1905 1011
3327 3321 2685 2710 2447
3327 2573 2071 3321 2073
3327 1976 491 3321 2496
3327 2203 3321 1627 2417
3327 3321 2685 2788 2071
3327 3321 2447 2685 2710
3327 3321 491 2685 1976
2911 3327 2337 3321 2685
3327 1627 3321 3168 1496
3327 2911 3321 2685 769
3327 3321 1627 2685 2417
3327 3321 3065 2685 1584
3327 3321 1627 2685 2696
3327 1627 3321 2685 896
3327 2447 3321 2788 2685
3327 3321 2417 2447 1627
3327 2696 650 1627 3321
2203 3327 3321 1627 924
491 3327 1976 483 1318
3327 1627 2507 3286 1504
1376 3327 3321 825 2672
3327 3321 2685 3297 1787
3327 2227 2696 3321 1627
3327 2609 3321 2788 2710
3327 2609 1594 3321 2685
3327 491 1976 3321 483
3327 3321 2788 491 1627
3327 1905 3321 1958 1627
3327 3321 1627 1141 2685
3327 1905 3321 2685 1958
3327 3321 284 1627 994
3327 2447 3321 2417 2710
3327 3321 2788 2685 1171
3327 1344 1141 3321 537
3327 3321 2685 2573 2071
3327 3321 2788 1215 2685
3327 1467 1461 3321 1469
3327 1594 3321 2098 2788
1344 3327 537 1141 3321
491 3327 1976 483 1318
2071 3327 2073 2075 3321
3327 1627 3321 3286 2507
491 3327 483 1976 1318
3327 1905 1958 3321 2685
3327 3321 2609 2685 2710
3327 2911 3321 2337 1964
3327 1627 3321 2696 2685
3327 3321 2685 1627 896
3327 2071 3321 2685 2073
3327 491 1976 3321 483
3327 1584 2685 3321 769
3327 3321 2447 2685 2788
3327 2609 1594 3321 505
3327 3321 2685 3065 1026
3327 1627 3321 2507 2417
2203 3327 3321 1627 2685
3327 2447 3321 2685 284
3327 2261 2260 1787 2685
3327 1141 3321 2507 2685
1594 3327 3321 2098 2095
3327 3321 1627 284 268
1964 3327 3216 2685 2573
2203 3327 3321 3096 2685
3327 3321 1376 1627 2788
3327 2788 323 2933 2685
3327 2609 3321 2685 2788
3327 2507 1627 3321 2417
3327 1330 2187 2186 3321
3327 1964 3321 3216 2911
2203 3327 3321 1627 2685
3327 190 191 2573 2071
3327 1627 3321 2507 2685
3327 1627 3321 2417 896
3327 2788 3321 2685 2462
284 3327 300 301 3321
2573 3327 190 191 2685
3327 3321 3187 2203 3072
3327 2507 1627 3321 2417
3327 3321 2685 3065 2260
3327 2788 3321 444 2685
3327 1627 3321 2507 3286
3327 3321 2685 2788 2710
3327 2261 2260 3321 2592
3327 1584 2685 3321 769
3327 2507 1627 3321 3225
3327 3321 2685 2573 2911
934 3327 2573 3321 2953
3327 3321 1627 1976 2685
3327 3321 3168 1627 2685
3327 1627 3321 2696 2685
2203 3327 3321 2417 2740
3327 1532 3321 3297 1787
1376 3327 825 3321 2672
3327 2507 3321 1627 1141
3327 3321 2788 2685 491
3327 2685 2573 3321 1964
3327 3321 1467 1461 2685
3327 2033 2578 2582 2489
1627 3327 3286 3321 2142
3327 1922 1152 3321 2685
3327 3321 2685 2911 3065
2071 3327 2073 3321 2075
3327 3321 2685 1787 3298
3327 2818 3321 2685 1193
3327 3321 2685 2507 1627
3327 2685 3321 2573 994
3327 2260 2261 2685 1787
3327 1141 3321 2685 1467
3327 3321 2696 1627 2685
3327 537 3321 2047 1344
3327 3321 1627 2417 2685
2203 3327 3321 2417 1847
3327 1627 3321 2685 896
3327 234 1077 1078 3321
3327 1467 1461 3321 1469
3327 3321 1141 1627 2507
2203 3327 3321 3096 2211
3327 2507 1627 3321 2447
3327 1594 1376 2303 1025
3327 3187 3321 3072 2842
3327 2788 1197 3321 2462
3327 1964 3216 2573 2911
3327 2507 1627 3321 2417
2071 3327 2073 3321 2075
3327 1627 3321 2507 2417
3327 1152 1922 3321 2685
3327 1532 3321 3297 1787
2203 3327 3321 2417 2740
3327 3321 2685 1627 896
3327 3321 1627 2696 2685
3327 1141 1344 2168 3321
3327 2573 2685 3321 2911
3327 1141 1344 3321 1145
3327 1905 3321 1958 2685
3327 3321 284 1627 994
2071 2073 3327 2075 3321
3327 3321 537 2685 1141
3327 3321 284 1627 994
2696 3327 650 649 3094
3327 2788 3321 2685 2462
3327 3321 1976 2496 1627
3327 1627 3321 3286 2507
3327 1594 3321 2788 444
3327 1627 2507 3321 2417
3327 1905 3321 2685 3361
3327 3321 769 1584 2685
284 3327 3321 1627 300
3327 2609 3321 2710 2685
3327 1197 3321 2788 1215
3327 2573 190 191 2685
3327 2507 1627 3225 3321
3327 769 3065 3321 1584
3327 2933 323 2788 2685
2071 3327 2073 2075 3321
284 3327 300 3321 301
3327 3321 2417 1627 491
3327 3321 1627 2685 2417
3327 2788 2462 3321 2622
3327 3321 2696 2447 2685
3327 1905 3321 2685 1958
3327 1584 769 849 3321
3327 1964 3321 3216 2573
3327 2573 3321 2685 2911
1467 3327 1461 3321 2685
3327 2696 1627 3321 2227
3327 1627 3321 3286 2507
3327 2456 2685 3321 559
3327 2071 3321 2073 2685
3327 284 3321 1627 994
2203 3327 3321 1627 2924
2203 3327 679 3321 762
3327 2696 1627 3321 2685
3327 2260 2261 3321 2685
1627 3327 1504 3286 2250
3327 2573 2911 3321 1011
3327 3321 2685 1330 2788
1594 3327 1376 2303 3321
3327 3321 2685 2788 2609
3327 2507 1627 3225 3321
3327 2788 3321 2609 2685
3327 1964 2911 3321 2337
3327 1627 3321 2685 896
3327 3297 3321 2573 2685
2696 3327 650 1627 649
3327 2507 3321 2447 1627
1964 3327 2911 3321 2337
3327 2788 444 3321 1262
3327 1627 2507 3321 2685
3327 3321 2685 1627 2710
3327 3321 2071 2685 2573
3327 2609 3321 2788 505
3327 2788 2462 3321 2622
1467 3327 1461 3321 1469
3327 2507 1627 3225 1535
2203 3327 3321 375 2417
3327 1964 2911 3216 3321
3327 2788 3321 2685 1627
3327 3321 2685 3350 2911
3327 3321 284 2456 2454
3327 1376 3321 2685 1627
3327 2573 2071 190 191
3327 3321 1627 284 994
2071 3327 2073 3321 2685
3327 2071 2685 2073 3321
3327 2071 3321 2573 2685
3327 3321 2447 2685 2609
2573 3327 1905 3321 1906
3327 2573 3384 2685 3321
3327 1905 1958 3321 1906
3327 3321 2685 1905 3361
3327 2507 1627 2417 3225
3327 3297 3321 2685 3301
1594 3327 1356 1268 3321
3327 2447 3321 2788 2685
3327 2788 3321 2685 1627
3327 3321 2609 2788 2685
3327 2071 3321 2685 2073
3327 2507 1141 3321 1627
3327 2158 3321 2685 3352
1467 3327 1461 1469 3321
3327 2573 190 191 3321
3327 2507 3321 3225 1627
3327 2573 3321 2685 2911
3327 2818 3321 2260 2685
3327 3321 2685 1905 2710
3327 3168 1627 3321 2685
3327 1330 3321 2187 2186
3327 3321 3297 2685 2911
2260 3327 2261 2685 2592
3327 3321 2685 2573 1627
3327 2573 190 191 3321
2203 3327 3321 1627 2417
3327 3321 2685 3065 1787
3327 1627 3321 3286 2507
3327 3350 3321 2911 2133
3327 2788 3321 1594 2685
3327 2788 3321 2685 2462
3327 3321 737 491 736
3327 2696 3321 2447 650
3327 3321 284 1976 1627
3327 3321 3298 2685 1787
3327 3321 2685 1627 2788
2203 3327 3321 1627 1566
284 3327 3321 300 301
2696 3327 650 1627 649
3327 3297 3321 2685 2573
3327 1905 1958 3321 1906
3327 491 3321 1976 737
3327 2447 3321 2788 2696
1467 3327 1461 1469 3256
3327 3321 3065 2685 2158
3327 2507 1627 3225 1535
3327 3321 1905 1958 2685
3327 1627 2507 3321 2417
3327 2696 3321 2447 2685
3327 2788 3321 2685 2462
1627 3327 3286 3321 2507
3327 1627 3321 2417 2685
3327 2970 2071 2073 3321
3327 2447 3321 2685 2788
3327 2573 190 191 1193
3327 3321 3168 1627 1496
444 3327 2788 1486 3321
3327 3321 2685 3297 2911
3327 3321 537 2047 2685
3327 2507 1627 3225 1535
3327 2573 3321 2911 2685
3327 2573 191 2685 190
3327 2788 3321 2609 505
3327 284 2456 3321 300
3327 284 3321 300 301
2203 3327 3321 1627 2685
3327 1627 2507 3321 3225
3327 1171 3321 2685 1584
3327 2573 3321 2911 2685
3327 491 1976 3321 3373
3327 1964 3216 2911 2573
3327 2573 1905 2685 3321
1594 3327 2098 1106 3321
3327 3321 2818 2685 1787
2573 3327 1011 2685 2911
3327 3321 2573 3297 2685
3327 3321 2788 2685 2462
3327 2507 1627 3321 2417
3327 3321 2685 994 2573
3327 2047 537 3321 158
1344 3327 537 1141 3321
1594 3327 3321 2098 2095
3327 1627 3321 2685 896
3327 3321 2685 3297 3065
3327 3321 236 1841 284
3327 2788 3321 2462 1197
3327 3321 2685 1467 2071
3327 3321 1627 3168 2685
3327 2911 3350 3321 2685
3327 1905 1958 3321 2685
3327 3321 2685 1787 3065
3327 3321 2788 2685 1627
3327 2788 3321 2462 1197
3327 2573 2685 1011 3321
3327 2071 2073 3321 2573
3327 3187 3321 3072 2842
3327 2573 1011 3321 2685
3327 2573 2685 3321 769
3327 1627 3321 2685 896
3327 3321 1141 537 2685
3327 3187 3321 3072 2842
3327 3321 1627 2507 2685
3327 2071 2073 2788 3321
3327 537 3321 2685 1344
3327 3321 2609 2685 2447
3327 2788 3321 2462 1197
2203 3327 3321 1627 2417
3327 1964 3321 2911 2685
3327 1627 3321 2685 2417
3327 2788 3321 323 2685
3327 3321 2685 1627 491
3327 1964 2685 3321 2911
3327 2685 1964 3321 2911
3327 2970 2071 2073 3321
3327 3321 2071 2685 1467
3327 2071 2073 3321 2685
3327 3321 2788 2685 3168
3327 1976 491 3321 2496
3327 3253 3321 2685 336
3327 3321 2685 1594 2788
3327 3321 284 1627 234
2071 3327 2073 3321 2685
3327 3168 1496 1627 3321
3327 3321 2685 2788 1627
3327 491 1976 3321 2417
3327 2071 3321 2685 2073
3327 2573 2911 1011 2685
3327 1627 3321 2685 896
3327 1627 2507 3321 2417
3327 3321 1627 2507 3286
3327 3321 2685 537 1467
3327 3321 2685 2033 2573
3327 2507 1627 3321 2417
3327 3321 2685 3065 1584
3327 2911 3350 3321 2685
3327 3168 1496 3321 1627
3327 3321 1141 537 2685
3327 3321 1197 2788 1436
3327 1627 2507 3321 2417
3327 2573 3321 1011 2685
3327 3321 2685 3297 1787
3327 3297 3321 2685 3384
3327 3321 2685 3065 2911
3327 2456 3321 559 2685
3327 3321 2685 2447 2710
3327 2447 3321 2685 2710
3327 2788 3321 2685 2710
3327 3187 3321 3072 2842
3327 491 1976 3321 2417
2071 3327 2073 3321 2075
3327 491 3321 1976 483
3327 1584 769 3321 2685
3327 2788 323 2933 3321
3327 1141 3321 2507 1627
3327 491 3321 1976 2447
3327 1964 2911 3321 2685
3327 2447 3321 1627 2417
3327 2462 2788 2071 3321
1344 3327 1141 537 3321
3327 3321 2447 2417 1627
284 3327 3321 301 300
3327 3321 491 2447 1976
2071 3327 2073 3321 2075
2203 3327 3321 2417 2740
3327 1627 3286 3321 2507
3327 3321 2685 2710 1627
3327 2696 3321 1627 2447
3327 2573 769 3321 2685
3327 3321 491 2685 1976
3327 2507 1627 1912 3225
3327 3321 2788 2685 2710
3327 1467 1461 1469 3321
3327 3187 3321 1330 3072
3327 1905 3321 2685 1841
1905 3327 1958 3321 1205
3327 537 3321 2685 2033
3327 1627 2507 3321 2417
3327 1905 1958 3321 2685
2696 3327 650 2447 3321
3327 3321 3298 2685 3297
3327 2696 3321 1627 2685
491 3327 483 1976 1318
3327 2911 2573 3321 2008
3327 491 3321 1976 483
3327 3321 2685 1787 3298
3327 2573 2911 1011 994
3327 2788 2462 3321 2622
3327 3321 2685 537 3065
1376 3327 825 2672 3321
3327 2447 3321 2696 2685
3327 1627 3321 3168 2685
2203 3327 1847 3321 2417
3327 1467 3321 1461 1469
3327 1141 1344 2168 3321
1594 3327 3321 2098 2095
2033 2911 3327 1011 172
3327 3321 2685 3065 1787
3327 3350 2911 3321 2133
2970 3327 2071 2971 2710
3327 1976 3321 491 2496
3327 1627 3321 2685 896
3327 3321 2685 1787 2710
3327 1905 3321 2685 1958
2696 3327 650 3321 1627
3327 3321 2685 2573 2911
3327 1627 3321 491 2417
3327 2573 3321 2685 2818
3327 3321 2685 3065 994
3327 3321 2685 2788 537
3327 1964 2911 3321 3216
3327 3321 2685 3065 1584
3327 2788 3321 1215 2685
3327 3321 2685 491 2447
1964 3327 2911 2337 3196
3327 3168 1496 1627 3321
3327 3321 2685 3065 1171
3327 2071 2073 3321 2685
3327 3321 2788 2685 2710
3327 3321 2788 2685 444
3327 1627 3321 2417 2685
3327 1627 3286 3321 2507
3327 3321 1594 2685 2573
3327 2788 3321 2462 2685
3327 3321 2685 2710 2788
3327 2696 650 1627 3321
1344 3327 1141 537 3321
3327 3321 537 2047 2685
3327 2788 3321 2685 2462
3327 2696 650 1627 649
3327 2203 3321 2417 1627
3327 1141 1344 2168 537
3327 2573 190 191 2685
3327 2696 3321 1627 2447
3327 3321 2685 2710 2788
3327 1594 3321 2098 2788
3327 284 2456 3321 2454
3327 1141 1344 2168 1145
3327 284 3321 300 2685
2071 3327 2073 3321 2075
3327 1467 1461 3321 1469
3327 3321 2685 537 3065
3327 2609 1594 3321 1049
491 3327 1976 3321 483
3327 1467 1461 1469 3321
3327 2573 3321 1011 2685
3327 3350 3321 2911 2685
3327 2911 3321 2573 2685
3327 1905 1958 3321 2685
3327 3321 2788 2685 2447
3327 3321 2685 994 3297
3327 3321 2788 1594 2685
3327 2447 3321 2788 2710
3327 2788 3321 444 2685
3327 1330 2187 3321 2186
2203 3327 3321 375 376
3327 3321 2788 2685 444
3327 3321 2685 2911 2573
3327 2788 2462 3321 1197
3327 284 3321 300 301
1627 3327 3321 3286 2685
3327 3321 2573 2685 3297
3327 1627 3321 2685 896
2696 3327 650 1627 3321
3327 1467 3321 1461 2685
1594 3327 1106 2098 987
3327 3321 2685 896 1627
3327 3321 3297 2685 2573
3327 2788 2933 3321 323
3327 2203 3321 1627 2685
3327 1141 3321 1344 2685
3327 3321 2447 2685 1627
3327 1627 3321 2507 3286
3327 1922 1152 3321 2685
3327 284 3321 2203 2417
3327 2911 336 3321 2203
3327 1330 2187 2186 3321
3327 3321 2685 3065 336
3327 2911 3321 1964 2337
3327 3321 2447 2788 2685
3327 3321 2685 2710 537
3327 2447 3321 2685 2710
2696 3327 650 649 3094
3327 2685 3321 2573 2911
3327 3321 1976 1627 2696
3327 3321 1976 1627 2496
3327 1922 1152 3321 2609
3327 537 3321 2685 2710
3327 2788 3321 2462 2685
3327 1330 2187 3321 2186
3327 2609 3321 2788 505
3327 2573 191 190 2071
3327 2788 3321 2462 2685
3327 3321 236 1841 1842
3327 1467 1461 3321 1469
3327 1627 3321 3286 2685
3327 1627 3321 2685 896
2203 3327 3321 2685 1627
3327 3168 1627 1496 3321
3327 3321 1627 2685 2696
3327 491 3321 1976 2685
2573 3327 1905 3321 2685
3327 2260 2261 2685 3321
1964 3327 3216 2911 2573
3327 2788 323 2933 3321
1594 3327 3321 2098 2609
3327 2507 1627 3321 2417
3327 2507 1627 3321 2417
3327 1594 3321 2098 2095
3327 1627 3321 2685 2507
1594 3327 1106 2098 3321
3327 3321 3297 2685 2911
3327 3321 3168 1627 2685
3327 3321 2685 1547 2456
3327 2573 2685 191 190
3327 3321 2685 2033 537
3327 3321 2685 2573 2911
3327 2260 2261 2685 3352
1344 3327 1141 537 2168
3327 3321 2685 896 1627
3327 3297 3321 2685 2573
3327 3321 2447 2685 2696
3327 3321 1627 2417 2685
3327 3321 2685 2158 3065
3327 1627 3321 2696 2685
1467 3327 1461 1469 3321
3327 1627 3168 3321 1496
3327 1964 3321 2911 3216
3327 2788 444 3321 1262
1344 3327 1141 537 2168
2203 3327 3321 375 2740
3327 3321 1787 3298 2685
3327 2573 3321 2685 1011
3327 3321 1594 2685 1376
3327 1627 3321 2417 2685
3327 2071 2970 2073 3321
3327 3321 1627 2685 896
3327 3350 2911 2133 3321
3327 3168 1627 3321 2685
3327 3321 2685 3065 1787
491 3327 1976 3321 483
3327 2788 3321 444 2685
3327 2507 3321 1627 2447
1594 3327 3321 2098 2095
3327 3321 2573 2685 3297
3327 3321 2417 491 1627
3327 3187 3321 3072 2842
3327 1141 537 3321 2685
3327 3321 3168 1496 2685
3327 491 3321 1976 483
3327 2507 1627 3225 3321
3327 3321 1627 1976 2496
3327 1197 2788 1436 3321
3327 1627 3321 2685 896
3327 2685 2573 3321 704
3327 2573 3297 3321 2685
2203 3327 3321 679 762
3327 3321 2685 896 2447
3327 2788 3321 2685 444
3327 3321 1627 2685 491
3327 3321 2685 537 2710
284 3327 3321 300 301
3327 1905 2685 3321 1958
3327 2573 2911 1011 2685
3327 3321 2609 1152 2685
3327 3321 2685 537 2911
3327 2573 2685 3384 3321
3327 3321 2447 2685 1627
3327 3321 1376 2788 2685
3327 3321 2685 2573 2911
1905 3327 1958 3321 1906
3327 3321 1627 1141 896
3327 1627 3321 2507 2417
3327 2071 2073 3321 2685
3327 1594 3321 2098 2609
3327 1627 3321 2685 896
3327 3321 2685 2573 2911
3327 2203 3321 2417 2685
2456 3327 559 2453 2685
3327 3321 2685 2710 2849
3327 2071 2073 3321 2685
3327 2685 3321 2071 2788
3327 3321 3298 2685 1787
3327 537 2033 3321 2685
3327 3321 491 1976 284
3327 1594 2609 3321 1049
3327 190 191 2573 2071
3327 3321 1627 2507 2685
3327 3321 2685 1787 3298
3327 284 3321 2456 1627
3327 2573 2685 3321 2071
3327 1627 3321 2696 2685
3327 2507 1627 3321 2417
3327 537 3321 2047 2685
3327 3168 1627 3321 2685
3327 3321 2447 2417 2685
3327 2696 650 649 3094
3327 3168 1496 1627 3321
3327 1627 2507 3321 2417
1594 3327 2098 3321 2095
3327 3321 2788 2685 2462
3327 3321 2033 537 2685
3327 2788 3321 2685 444
3327 3321 1627 896 2685
3327 2788 3321 2462 2685
3327 284 3321 1330 2187
3327 2696 3321 1627 2447
3327 3321 2788 2685 2462
3327 537 2033 2685 3321
3327 1330 3321 2187 284
3327 1627 3321 3286 2685
3327 2507 1627 1912 3225
3327 3321 2685 1141 2071
3327 2788 3321 2685 2710
3327 1627 2696 3321 650
3327 3321 2685 896 1627
3327 3321 2911 2685 2573
3327 3321 2158 2685 3065
3327 1376 3321 1101 185
3327 3321 2685 2788 2710
3327 2260 2261 3321 2685
3327 2788 3321 2685 1215
3327 3321 2685 2911 2573
3327 3321 1532 2685 3297
3327 3321 2788 2685 1594
3327 2507 1627 3225 1912
3327 3321 2071 2970 2073
3327 3321 737 736 284
3327 491 483 1976 3321
3327 1627 3321 2696 2685
3327 336 2911 2203 3321
3327 3321 3187 2685 896
444 3327 2788 1486 3321
3327 3321 2685 1627 2710
3327 3321 1594 1376 2685
3327 3168 1496 1627 896
3327 2573 3321 2911 2685
2203 3327 3321 2417 1627
3327 3321 2685 1905 1627
3327 1594 3321 2788 2609
3327 1627 3321 2685 3168
3327 3321 2685 1584 3065
3327 2573 2911 1011 2685
3327 1627 3321 2507 2417
3327 2573 2407 994 1011
3327 1330 2187 2186 3321
3327 2573 2071 191 190
3327 537 3321 2685 1141
3327 2911 3321 1964 2337
3327 3321 3297 2685 2573
3327 2573 3321 1905 2685
3327 3321 2685 2456 559
3327 2911 3321 336 2685
3327 1964 2911 2337 3321
3327 3321 2685 1627 284
284 3327 3321 301 300
3327 2788 2933 323 3321
3327 1330 2187 2186 3321
284 3327 3321 300 301
3327 2788 3321 2685 2447
3327 2260 2261 3321 2685
3327 3321 2685 2788 3065
3327 3187 3321 3072 2842
3327 1594 3321 2788 444
2696 3327 526 3321 2447
3327 2696 2447 3321 2949
3327 1594 3321 2098 2788
3327 1330 2187 3321 2186
3327 2788 3321 2685 1215
3327 1584 769 3321 2685
2970 3327 2071 2073 3321
3327 3168 3321 1627 2685
3327 2911 3321 2337 2685
3327 3321 2609 2447 2685
284 3327 3321 300 301
1594 3327 1376 2303 3321
3327 2573 3321 2685 934
3327 2507 2417 1627 3321
3327 3321 2788 2685 2462
3327 2071 2073 3321 2075
3327 1330 3321 2187 2186
3327 3321 1330 2187 2417
3327 3321 2696 2447 2685
3327 491 483 1976 3321
3327 2507 3321 2447 1141
3327 336 3321 3253 2203
2573 3327 1905 3321 2685
3327 2788 3321 444 2685
3327 537 2047 3321 158
3327 3321 1532 3297 1787
3327 2447 3321 2609 2710
3327 2788 3321 2685 2462
3327 2788 2462 3321 2685
3327 3321 1627 2447 2685
3327 2507 1627 3321 2447
3327 3321 2788 1376 2685
3327 2507 1627 3321 2417
3327 1330 2187 3321 2186
3327 1376 3321 825 2685
3327 3321 1627 2417 491
3327 2573 190 191 2071
3327 1376 1594 3321 2685
3327 3321 2685 1627 2227
3327 1594 3321 2098 2685
3327 3321 236 3187 2036
2203 3327 3321 2740 2417
3327 3297 3321 2685 1787
3327 3321 2573 2685 3297
1905 3327 1958 3321 2685
3327 2911 2573 1011 2685
2203 3327 3321 1627 2685
3327 2696 2447 3321 2685
3327 284 3321 1627 994
3327 2788 3321 444 1262
3327 1905 1958 3321 1205
3327 3321 2507 2447 2685
3327 3321 2685 3297 1787
3327 3321 2573 2685 1547
3327 3321 2685 896 1627
3327 2609 2710 3321 2788
3327 3321 1627 2685 2447
3327 3321 2609 2685 2710
3327 2696 3321 2447 1627
3327 1976 491 3321 344
3327 3321 2911 2685 2573
2203 3327 3321 2417 300
3327 1964 2911 3321 2337
3327 3321 2685 2573 2911
3327 3321 537 2685 2033
2970 2071 3327 2073 3321
3327 1627 3321 2685 2417
2507 3327 3225 2417 1627
3327 2970 2071 2073 2552
3327 491 1976 3321 344
3327 1627 3321 2685 896
3327 3321 2685 1787 3297
3327 2788 323 2933 3321
3327 3321 2609 2685 2710
3327 2788 3321 2685 444
3327 3321 896 2685 284
3327 284 1627 3321 301
3327 1330 2187 2186 3321
3327 3321 2685 2456 559
3327 3321 2685 1547 994
3327 2609 3321 2788 505
3327 3321 1627 2685 896
3327 3321 1627 2447 2685
3327 3321 1627 284 2696
3327 2573 3321 3297 1011
3327 2609 3321 2710 2685
3327 2071 3321 2073 2685
3327 3321 2447 2685 1627
3327 2788 3321 323 2933
3327 934 2573 3321 2685
3327 3187 3321 3072 2842
3327 3321 1627 2685 896
3327 2911 3321 2685 2337
2696 3327 650 1627 3321
3327 1554 1197 3022 1215
3327 3321 2685 3065 1787
3327 1627 3321 2685 896
3327 3321 2685 3297 3298
3327 3321 1594 2788 2685
3327 2788 3321 2609 2685
3327 2788 3321 2462 2685
1627 3327 3286 3321 3375
3327 2788 2462 3321 2685
3327 3321 2447 2685 1627
3327 2260 2261 2685 3321
3327 3321 236 1330 2187
3327 1627 2507 3321 2417
3327 2573 1011 3321 2685
3327 3321 2685 3065 1026
3327 3168 1496 1627 3321
3327 284 3321 300 994
3327 3321 1627 2696 491
3327 1141 537 3321 2685
3327 3321 2609 1594 2788
491 3327 483 1976 3321
3327 3321 1787 2685 3297
3327 3168 1627 1496 3321
1467 3327 1461 2278 1469
1964 3327 3216 2911 2573
3327 2788 2462 3321 2685
3327 1594 3321 1376 2788
3327 3321 2911 2008 2685
1467 3327 1461 1469 3321
3327 2609 3321 2685 2788
3327 3321 1627 2696 2685
3327 284 3321 2456 1627
3327 3321 2685 1787 3297
2696 3327 650 3094 649
3327 2573 2685 3321 704
2203 3327 3321 375 376
3327 3321 2071 2685 2788
3327 3321 2685 2849 2710
3327 3321 2447 2696 2609
3327 3321 2685 537 2788
3327 3321 2573 2685 3297
3327 3321 1141 2685 2447
3327 3321 1627 491 2417
2696 3327 2447 3321 2685
3327 3321 2818 2685 769
3327 2696 3321 1627 2685
3327 1627 3321 2685 491
3327 1627 3321 2685 896
3327 1330 2187 3321 2186
3327 3321 3298 1532 1787
3327 2788 3321 2462 2685
3327 2911 2337 3321 2685
3327 2685 3321 2260 1584
3327 3321 3297 2685 1787
3327 3321 1627 2685 896
3327 3321 2685 2447 2609
3327 3321 3297 1787 2685
3327 2788 3321 323 2933
3327 1627 3321 3286 2507
3327 491 1976 483 3321
3327 3321 2685 2710 2609
3327 1330 2187 2186 3321
3327 1627 3321 2685 3168
3327 3321 2685 769 1584
2203 3327 3321 375 2740
2203 3327 3321 924 1170
3327 2071 2073 3321 2788
3327 3321 2685 2456 559
3327 2573 3321 1905 2685
284 3327 300 301 3321
3327 3321 2203 2685 2788
3327 3321 2685 1905 1627
3327 1594 3321 1106 2098
3327 2071 3321 2685 2788
3327 1976 2496 3321 491
3327 2788 3321 1215 444
1330 3327 2187 3321 2186
3327 1330 2187 3321 2186
3327 2911 3321 1964 2685
3327 3321 2507 1627 2685
3327 3321 2685 2573 994
3327 2573 934 3321 1011
3327 3321 2911 2573 2685
1344 3327 1141 537 1798
3327 2573 3321 2685 3384
3327 491 3321 2685 1976
3327 3321 2685 3065 1467
3327 2788 444 3321 1486
3327 3321 2788 1627 2685
3327 2573 3321 769 2685
3327 2507 3225 2417 3321
3327 2573 2685 1905 1011
3327 3321 2788 2685 2447
3327 3321 2788 1627 2685
3327 2447 3321 2696 2685
2203 3327 3321 284 679
3327 1627 3286 3321 2142
3327 2685 3321 2573 3384
3327 2788 2462 3321 2685
3327 2788 2462 3321 2622
2203 3327 3321 2417 1627
3327 491 3321 1976 483
3327 3321 2609 2710 2685
3327 3321 2685 2788 1627
2203 3327 3321 1627 2417
3327 3321 2685 491 1976
3327 1330 2187 3321 657
3327 1467 1461 3321 1469
1627 3327 3321 3286 2142
3327 2788 3321 2685 2710
3327 1594 3321 2788 2685
3327 2203 3321 2685 1627
3327 2447 3321 2609 2696
3327 2573 3321 2911 2685
3327 191 190 2573 2071
2573 3327 3321 1011 2685
3327 3321 2071 2685 2073
1964 3327 2911 2337 3321
3327 3321 3065 253 2685
3327 1627 3168 3321 1496
3327 1905 1958 1205 3321
3327 3321 2685 2710 1905
2203 3327 679 762 3321
1964 3327 2911 3216 3321
3327 2788 3321 2685 444
1141 3327 1344 2168 3321
3327 2507 2447 1627 3321
1964 3327 2911 3321 2337
3327 3321 1627 2685 896
3327 3187 3321 3072 2842
3327 2788 3321 2685 2462
3327 1330 3321 2187 2203
3327 2507 1627 3321 2447
3327 2447 3321 2071 2073
3327 3321 2685 537 2033
3327 1344 1141 3321 537
3327 2507 3321 1627 2417
3327 2447 3321 2696 2685
3327 1330 2187 3321 2186
3327 284 3321 994 1627
3327 491 1976 2797 1318
2573 3327 1011 2911 2407
3327 2696 3321 2447 2949
3327 2609 3321 2447 2710
3327 1594 3321 2098 2788
3327 3321 2447 2609 2685
1594 3327 3321 1106 2098
1467 3327 1461 1469 3321
3327 2573 2685 3321 769
3327 3321 2447 2609 2685
3327 3321 3187 2685 3072
3327 2788 3321 2462 2685
3327 2696 3321 1627 650
3327 491 483 3321 1976
3327 2788 2462 3321 2685
3327 1141 1344 3321 2168
3327 2573 3321 2911 1011
491 3327 1976 483 1318
3327 3187 3321 3072 2842
3327 3253 3321 336 2911
2203 3327 3321 375 2740
3327 3321 2447 2685 2609
1344 3327 1141 537 3321
3327 2788 2462 3321 2622
3327 1330 2187 2186 3321
3327 2507 1627 2417 3225
3327 3321 1627 994 2685
3327 3321 1141 537 2685
3327 2573 3321 2685 2911
2203 3327 3321 2685 1627
3327 3321 2685 2788 3065
3327 2573 1011 3321 1905
3327 3168 1627 3321 2685
3327 3168 1496 1627 3321
3327 2158 3321 2685 2449
3327 1905 1958 3321 2685
3327 2911 3321 2685 2337
3327 3321 1627 2417 2507
3327 3321 2685 537 1141
2203 3327 3321 375 2417
3327 2573 191 2071 190
3327 3321 2685 994 1627
3327 1627 3321 2507 2685
3327 2573 2685 3321 1011
2203 3327 3321 1627 2685
3327 3321 1141 1627 2417
3327 2573 2911 3321 1011
284 3327 301 300 3321
2203 3327 679 3321 762
3327 3321 2685 2447 2710
3327 3297 3321 2685 2573
3327 1344 1141 3321 537
3327 2456 559 2685 3321
1627 3327 3286 3321 2142
3327 1905 1958 3321 2685
3327 3168 3321 1627 2203
3327 1330 3321 2187 284
491 3327 483 1976 1318
3327 2573 2911 1011 2685
3327 1330 2187 3321 2186
3327 1141 537 3321 2685
3327 2573 1011 3321 2685
3327 1976 3321 491 1627
3327 444 3321 1594 2788
3327 3321 2685 2911 2573
3327 1330 2187 2186 3321
3327 2573 3321 2818 1193
1627 3327 3321 2685 896
3327 2911 3321 2685 1584
3327 1594 3321 2788 2685
3327 537 3321 2685 2033
3327 3321 537 2685 1141
3327 2573 3321 1011 2685
3327 3321 2685 3297 2911
3327 3321 1976 1627 2496
3327 1627 3321 3168 2685
1594 3327 1356 1268 3321
3327 1627 3321 2507 1141
3327 3321 2818 2573 880
1594 3327 1268 1356 3321
2573 3327 1905 290 3321
3327 2573 2685 3321 704
3327 2507 3321 1627 2417
3327 2788 3321 2462 2685
3327 1976 3321 491 1627
3327 3321 1627 1841 2685
3327 2158 2449 3352 1560
3327 3321 2685 1627 2710
3327 3321 2260 2261 2818
1467 3327 1461 1469 3321
3327 3321 769 2818 2685
3327 1141 2168 1344 537
3327 2447 3321 2788 2685
3327 3321 2447 2788 2685
3327 3321 2685 491 1976
3327 3321 1627 2685 2696
3327 2573 3321 2685 2911
3327 1627 3321 2507 2685
3327 3321 1905 2685 896
3327 2788 2462 3321 2685
1976 3327 491 3321 2496
3327 491 1976 3321 483
3327 3321 1976 491 2417
3327 1627 3321 3168 2685
3327 3321 2685 2911 2573
3327 2573 2911 1011 3321
2203 3327 3321 924 1170
3327 1330 2187 2186 3321
3327 1627 3321 2507 2685
3327 2609 3321 2788 2710
3327 3321 2685 1905 3373
3327 1627 3321 2685 2507
3327 1627 3321 2685 2788
3327 3321 2203 1627 2685
3327 1627 2507 3321 3286
3327 2685 3321 1584 3065
3327 1627 3321 2417 2685
3327 2573 191 190 2071
3327 537 2033 3321 2685
3327 3321 3297 2685 2573
3327 1594 3321 2098 2095
3327 3321 2685 1905 896
3327 3321 2685 1171 3065
284 3327 301 300 2379
1964 3327 2911 3321 2337
3327 3321 2685 3065 2203
3327 3321 2685 3298 1787
3327 2573 2911 3321 2685
3327 2970 2071 2073 3321
3327 2573 1905 3321 1011
3327 2047 537 3321 158
3327 2788 3321 1627 2685
1011 3327 2911 2033 2573
3327 1594 3321 2098 2788
3327 3321 2609 2685 2447
3327 2609 3321 2447 2710
2203 3327 3321 2740 375
3327 1594 3321 2788 2685
3327 323 2788 2933 2685
3327 284 3321 1627 994
3327 2696 3321 2447 2685
3327 1627 2507 3321 2417
3327 2573 2911 1011 3321
2203 3327 3321 375 376
3327 3321 2685 1467 2447
3327 537 2033 2685 3321
3327 2609 3321 2447 2710
2456 559 3327 2453 1931
3327 3321 284 2685 1627
3327 2609 1594 3321 505
3327 1197 2788 1436 3321
3327 1467 1461 3321 1469
3327 3321 2685 3297 1787
3327 2447 3321 2788 2685
3327 1905 1958 3321 2685
3327 3297 3321 2685 2832
3327 3321 1330 2187 2186
3327 3321 1627 2685 284
3327 1627 2696 3321 650
3327 284 3321 994 300
3327 2071 2073 3321 2685
3327 491 1976 3321 483
1627 3327 3286 3321 3375
3327 3321 2685 1627 2710
3327 1627 3321 2685 2696
3327 1627 3321 2685 2696
3327 3321 2609 2447 2788
3327 1594 2609 3321 505
3327 1594 3321 2609 505
3327 2573 2911 1011 3321
3327 3321 2447 2710 2685
3327 3321 2788 2685 1627
3327 1496 3168 1627 3321
3327 3384 2685 3321 2573
3327 3321 1627 2685 1976
3327 3168 1627 1496 3321
3327 2696 3321 1627 2685
3327 3321 1905 2685 3373
3327 3321 2685 1627 1905
3327 3321 2788 3168 1627
3327 3321 2685 2788 2071
3327 3321 491 1976 2417
3327 3321 2685 3065 994
3327 3321 2685 3065 1787
3327 3168 3321 1627 268
3327 3321 2685 2710 3065
3327 2788 3321 2685 2710
3327 2685 2071 3321 2788
3327 1627 3321 2417 2685
3327 284 3321 2456 2454
3327 444 2788 3321 1486
3327 2609 3321 2710 2788
3327 1627 3321 2685 3168
3327 1594 2609 3321 505
3327 2788 3321 2685 2462
3327 3321 1976 1627 491
3327 3321 2685 284 2788
3327 491 483 1976 3321
3327 3321 2685 2788 1594
3327 3297 3321 1787 2685
3327 1330 2187 2186 3321
3327 3321 2685 1627 896
3327 3321 2685 896 1627
3327 3321 1594 2609 2788
3327 3321 2685 2573 2911
3327 3321 2609 2447 2685
3327 2788 444 3321 2685
3327 3321 2685 2911 2071
3327 3321 2788 2685 2609
3327 3321 2158 3065 2449
3327 1976 491 3321 2417
3327 2609 3321 1594 2685
3327 1627 3321 2685 896
3327 3321 2685 537 3065
3327 3321 1584 769 2685
3327 3321 1976 491 2417
3327 3321 1594 2788 2685
3327 3321 3187 2685 1627
3327 2507 1627 3321 2417
3327 3321 2609 2685 2710
3327 2573 3297 3321 2685
3327 1905 1958 3321 2685
3327 1197 1554 1215 3321
3327 2911 3321 2008 2685
3327 3321 2685 896 1627
3327 3321 2685 1627 2696
3327 3321 2788 2462 2685
3327 1627 3321 2685 2696
2203 3327 3321 2417 1627
3327 3321 1627 2203 2507
3327 1594 1376 3321 2685
491 3327 1976 483 1318
3327 2788 3321 2685 2462
2573 3327 1011 2911 2331
3327 3321 2447 2507 2685
3327 1627 2507 3321 2417
3327 3321 2788 2685 2609
3327 2573 190 191 2685
3327 3321 2447 2696 2685
3327 3168 1627 1496 3321
3327 1964 2685 3321 2260
3327 3321 1627 2685 284
3327 3321 3187 737 896
2203 3327 3321 1627 2685
3327 3321 2685 2071 2788
3327 1905 3321 1958 2685
3327 2573 3321 934 2685
1467 3327 1461 1469 3321
3327 2696 3321 1627 2227
3327 2573 1845 2911 1011
3327 1141 2507 3321 1627
3327 1627 3321 2685 2696
3327 491 1976 3321 2417
3327 1964 2685 3321 2911
3327 3297 3321 2685 1787
3327 1627 2507 3321 3286
2203 3327 3321 1627 2685
3327 2447 3321 2685 2609
3327 3321 2685 2609 2788
3327 2071 2573 2073 190
3327 3321 2685 2573 1787
3327 3321 1627 284 2685
3327 2788 3321 2685 444
3327 1905 1958 3321 1906
3327 1467 1461 3321 2573
3327 1627 3286 3321 2507
3327 3321 284 1627 994
3327 2507 1627 3321 2447
3327 3321 2685 2609 2710
491 3327 483 1976 1318
3327 1627 3321 2507 2417
3327 2911 2685 3321 2337
3327 3321 234 1077 1078
3327 3321 2685 1467 537
2203 3327 3321 1627 2685
3327 2573 1011 2911 3321
3327 2788 2462 3321 2622
3327 191 190 2573 2071
3327 3321 1330 2187 2186
3327 2573 190 191 2685
2788 2462 3327 2622 3321
3327 1330 2187 2186 3321
1964 3327 3321 2911 2685
3327 2788 3321 2685 2462
3327 2788 3321 2462 2685
284 3327 301 300 1627
3327 3321 2685 3065 1584
2203 3327 3321 1566 2685
3327 2609 1922 1152 3321
3327 2260 2261 2685 3321
3327 3321 2685 2573 994
3327 1627 3321 2685 2417
3327 1594 3321 2098 2095
3327 3321 2685 2818 3065
3327 3321 2685 3065 1584
2573 3327 190 191 3170
3327 1964 2573 2685 3216
3327 2071 2970 3321 2073
3327 537 3321 2685 2033
3327 3321 2685 2911 3350
3327 2609 1594 3321 2685
3327 236 3321 2036 1841
3327 1964 3216 2685 2911
3327 1330 2187 2186 3321
3327 3321 284 2456 1627
3327 3321 2685 2788 1627
3327 1594 2609 3321 245
3327 3321 2685 2573 2071
2203 3327 679 762 3321
3327 3321 1627 2685 896
3327 769 1584 3321 2685
3327 2447 3321 2788 2685
3327 1330 2187 2186 3321
3327 769 1584 2685 3321
3327 2158 3321 2685 2449
3327 444 2788 3321 1486
491 3327 1976 483 3321
284 3327 3321 300 301
3327 3321 2685 3065 1584
3327 3321 2685 2573 2788
284 3327 300 3321 301
3327 3321 3297 2685 2911
3327 1627 3321 2685 2710
1627 3327 3286 3321 2142
3327 2071 2073 2685 3321
3327 537 2047 3321 2685
3327 3321 2685 896 1627
3327 2573 2911 1964 2685
3327 2573 1011 2685 2911
3327 2507 1627 2447 3321
3327 2609 3321 2447 2685
3327 1627 3321 2696 2685
491 3327 483 1976 1318
3327 2573 2911 1011 3321
3327 1627 2507 3286 3321
3327 3297 3321 2685 1662
3327 3297 3321 2685 1787
3327 2507 1627 3321 2417
3327 2788 444 3321 2685
3327 1905 1958 3321 1906
2696 3327 2447 3321 2685
3327 3321 2788 2685 1141
3327 3321 2685 1627 2696
3327 1627 3321 3168 2685
3327 3321 3253 2911 1330
3327 1141 537 3321 2685
2203 3327 3321 2417 300
3327 537 3321 1141 2685
3327 2788 3321 2462 1197
3327 1141 537 3321 2685
3327 3321 2685 2417 1627
3327 3321 1627 2685 2710
3327 3297 3321 2685 2573
3327 3321 2685 2911 3065
3327 3321 1787 3297 3298
3327 3168 3321 1627 1496
3327 1330 2187 3321 2186
3327 1330 2187 2186 3321
3327 2447 3321 2609 2710
3327 284 2456 3321 2454
3327 1976 3321 491 2417
3327 2685 3321 2573 191
3327 2447 3321 2685 2710
2071 3327 2073 3321 2075
3327 2203 3321 2417 2740
3327 3321 2788 2685 2710
3327 491 1976 3321 1318
3327 3321 2685 2158 3065
3327 3321 1627 2685 2447
3327 3321 2685 2911 2573
3327 3321 2685 2609 2710
3327 2071 2073 3321 2685
3327 2507 1627 3321 2447
3327 2573 2685 1011 3321
3327 3321 2685 2710 2788
1467 3327 1461 1469 3321
3327 1467 1461 3321 2685
3327 3321 2447 2685 2788
284 3327 3321 300 301
3327 3321 1152 1922 2685
3327 2071 190 191 2573
3327 1627 3321 2507 2788
3327 3321 2685 896 2447
3327 3321 2609 1594 2685
3327 3321 1627 2685 3168
3327 3321 3168 1627 2685
3327 2507 1627 3225 1535
3327 3321 2609 2685 2788
3327 1344 3321 1141 1798
3327 2685 1547 3321 727
3327 2260 2261 2685 3321
3327 3298 3321 463 2685
3327 2696 3321 2447 526
3327 3168 1627 3321 2685
3327 3321 1787 3297 2685
3327 2071 191 190 2573
1344 3327 1141 537 3321
3327 1594 3321 2788 1376
3327 3321 2685 3297 1787
284 3327 3321 300 301
2203 3327 3321 2685 1627
2203 3327 3321 2417 2685
2203 3327 3321 376 375
3327 2573 190 191 2071
3327 1627 3321 2685 3168
3327 2507 3321 1627 2447
3327 3168 1627 3321 2685
3327 1584 769 3321 2685
3327 3321 2685 1376 2788
491 3327 1976 3321 1318
3327 3321 2685 1376 1594
3327 2933 323 2788 2685
3327 3187 3321 3072 2685
3327 3321 737 284 736
3327 1627 3321 2685 896
3327 2911 2337 3321 2685
3327 1627 3321 3286 2142
3327 3321 3297 2685 2911
3327 2071 190 191 2573
3327 1330 2187 2186 3321
3327 284 3321 1627 300
3327 3321 2685 2033 537
3327 1627 3321 2685 896
3327 2911 3321 2685 3297
3327 2911 2573 3321 2685
3327 934 2573 2685 929
3327 1627 2507 3321 2417
3327 2573 1011 2911 2685
3327 3321 2685 1627 2710
2203 3327 3321 2685 336
3327 3321 2685 1584 769
3327 3321 2685 1627 2788
3327 1627 3321 284 2507
3327 1905 1958 3321 2685
3327 1905 3321 1958 2685
3327 3321 2447 2685 2788
3327 3321 1627 2696 2685
3327 3297 3321 2685 1787
3327 2260 2261 2685 3321
3327 3321 2203 1627 2417
3327 3321 2818 1787 2261
3327 3321 2696 1627 2227
3327 1905 3321 2685 1958
3327 3321 3298 1787 1532
3327 2573 2911 1011 2685
3327 1627 3321 2507 2685
3327 2573 2911 1011 3321
1627 3327 3286 3321 2142
3327 2788 2462 3321 2685
3327 2573 1011 2685 2911
3327 2203 3321 1467 1461
1594 3327 3321 2098 2788
2203 3327 3321 1627 2417
3327 1627 3168 3321 1496
3327 3321 2685 3065 2710
2609 3327 3321 2428 2685
3327 3321 737 491 736
3327 3321 284 2456 1627
3327 3321 2685 1627 1905
3327 3321 2609 2447 2710
3327 2911 1964 2337 3321
3327 1330 2187 2186 3321
3327 3321 2685 3065 769
3327 3321 1627 2685 284
3327 2071 2573 191 2073
3327 2507 1627 2417 3321
3327 2970 2071 2073 2552
3327 2573 3321 2685 190
284 3327 3321 300 301
3327 3321 2685 537 2710
3327 3321 2609 2788 2685
3327 1330 2187 3321 2186
3327 3321 284 1627 896
3327 2260 2261 2685 1787
1964 3327 2911 3321 3216
1376 3327 825 3321 2672
1905 3327 1958 3321 1906
3327 3321 336 2685 2203
3327 3321 1376 2685 1594
3327 3321 1152 1922 2685
3327 2071 3321 2685 2073
3327 3253 3321 2911 336
3327 3321 2685 2788 1627
3327 3321 2447 2685 2609
3327 3321 2788 2447 2710
3327 3321 2685 3253 2911
3327 1627 2507 3321 2417
3327 1594 2609 3321 505
3327 1627 3321 2685 896
3327 3321 253 3065 1584
3327 3321 3253 2685 3187
3327 491 3321 1976 1318
1467 3327 1461 1469 3321
3327 2609 3321 2447 2788
3327 3321 2685 2573 3065
3327 1330 2187 2186 3321
3327 2609 3321 2447 2710
284 3327 301 300 3321
3327 1584 2685 769 3321
3327 491 3321 1976 483
3327 2071 2970 2073 3321
3327 1627 3321 2685 896
3327 3321 2685 3065 994
3327 2033 537 3321 2685
3327 2260 2261 2592 2685
3327 3321 2685 2788 1627
3187 3327 3321 3072 2842
2203 3327 3321 2417 1627
3327 3321 1627 2685 896
3327 2573 2685 3321 1011
3327 1344 2071 3321 2073
3327 1627 2507 3321 2417
3327 3321 1627 2417 2507
284 3327 300 301 2379
3327 2573 2685 3321 2911
3327 491 3321 1976 483
3327 3321 1376 1594 2685
3327 2447 3321 2788 1627
491 3327 1976 483 1318
3327 3321 1627 2227 1976
1467 3327 1461 1469 3321
3327 1627 3321 2507 2417
491 3327 1976 483 1318
2696 3327 650 3094 649
3327 3321 2685 896 1627
3327 2573 3321 2685 2911
2573 3327 994 2407 1011
3327 1627 3321 2685 896
3327 3321 2685 1547 727
3327 3321 2685 2710 1627
3327 1594 3321 2788 2685
3327 2573 2685 3321 2911
3327 2788 3321 2462 2685
3327 2447 3321 2788 2071
3327 2788 3321 444 2685
3327 2573 190 191 2071
3327 2071 2073 3321 2685
3327 2447 3321 2609 2685
3327 2933 2788 323 2685
3327 2071 2073 3321 2685
3327 3321 2788 2685 1594
3327 2573 1905 3321 2685
3327 3321 537 1141 2685
3327 3297 3321 2685 2573
3327 2573 2911 3321 1011
3327 1976 3321 491 1627
3327 2911 3321 2685 3350
3327 2788 3321 2685 323
3327 2573 2685 3321 1011
3327 1594 1376 2303 3321
284 3327 301 300 2379
2203 3327 3321 2740 2685
3327 3321 2685 2849 2710
3327 2447 3321 2788 2685
2071 3327 2073 2075 3321
3327 3321 2818 2685 2260
3327 2158 3321 2449 3352
3327 537 3321 1141 2685
3327 1344 537 1141 3321
3327 3321 2685 1787 3298
3327 3321 2685 2071 2788
1376 3327 3321 825 2685
1594 3327 2098 3321 2095
3327 1627 3321 2507 2417
284 3327 300 3321 301
3327 1905 1958 1906 3321
3327 537 1141 3321 1344
3327 2573 2685 3321 1011
3327 3321 491 1976 2685
3327 2507 3225 1627 1535
3327 2447 3321 2685 1627
3327 1467 1461 3321 2071
3327 2573 1011 3321 2911
3327 2685 3321 3384 3297
2071 3327 2073 3321 2075
3327 3321 1627 2685 896
3327 2911 2573 3321 2685
3327 1330 2187 3321 2186
3327 3297 3321 2573 2685
3327 1344 1141 537 3321
3327 3321 2685 2911 3297
3327 1976 3321 3373 491
2696 3327 650 649 3094
3327 1594 3321 2788 2098
3327 2573 2911 3321 2685
1964 3327 1328 3321 2911
3327 3321 2685 2071 2788
2203 3327 3321 1566 2685
2203 3327 679 762 3321
3327 1330 2187 3321 657
3327 3321 2071 2685 2073
3327 2573 2685 3321 2071
3327 2573 3321 2685 537
3327 537 3321 2033 2685
3327 3321 1197 2788 1215
3327 2788 3321 2462 2685
284 3327 3321 300 301
3327 2788 3321 2685 635
3327 3321 2685 1627 1976
2696 3327 3321 2447 650
3327 2818 2260 3321 2261
3327 1141 2507 3321 1627
2696 3327 650 649 1627
3327 3321 1376 1594 2788
3327 2507 3321 1627 2685
3327 3321 2685 2456 3065
3327 1141 3321 1145 1344
3327 1376 3321 2788 2685
3327 2071 2573 191 190
3327 1467 1461 3321 2685
3327 3321 2685 537 1627
3327 3321 2685 2911 2337
2696 3327 650 649 3094
1594 3327 1376 2303 3321
1594 3327 3321 2098 2095
3327 2911 3321 2685 2337
3327 769 1584 2573 3321
3327 2573 1905 3321 290
1594 3327 2098 3321 2095
3327 3297 3321 2685 1662
3327 3321 1627 2507 2685
3327 284 3321 2456 300
3327 3321 2685 1905 2710
3327 3321 2609 2685 2788
3327 3321 2447 2609 2685
3327 2788 3321 2462 2685
3327 3321 1627 2417 994
3327 3321 284 1627 2685
3327 1594 3321 2788 444
3327 3321 2685 537 994
3327 2260 2261 3321 2685
3327 3321 284 1627 2417
3327 2788 3321 323 2933
3327 3321 2447 2685 2788
3327 2609 1594 3321 1049
3327 1467 1461 1469 3321
3327 3321 2447 2685 2710
3327 1905 1958 1906 3321
1594 3327 2098 3321 2788
3327 1964 2911 2573 3321
3327 3321 2447 2507 1141
3327 3187 3321 3072 2842
3327 2203 3321 2417 284
3327 3321 2788 2685 444
2203 3327 3321 375 2740
3327 3321 2685 3297 1787
3327 2260 2261 2685 3065
3327 1467 3321 1461 1469
2696 3327 2447 650 3321
3327 3321 2685 2818 3065
2033 2911 3327 1011 172
3327 3321 1627 2685 896
3327 1376 1594 3321 2685
3327 1627 3321 2507 2685
3327 2911 3321 2685 2337
3327 1215 2788 1554 3321
3327 2911 1964 2573 3321
3327 3168 3321 1496 1627
3327 2573 1905 3321 2685
491 3327 483 1976 3321
3327 2203 3321 2417 1627
3327 3321 2685 1627 2696
3327 1330 2187 3321 2186
3327 3321 2685 2818 1787
3327 3321 2685 2788 2710
3327 2203 3321 2417 1627
491 3327 1976 3321 483
3327 2447 3321 2696 2609
3327 2818 3321 1193 2573
3327 2203 3321 2685 1905
3327 3321 1627 2685 2417
3327 769 3321 1584 3065
3327 284 3321 994 1627
3327 3321 2685 3253 3065
284 3327 300 3321 301
3327 2696 3321 2447 2685
3327 1627 3321 2685 896
3327 2507 3321 1627 1141
3327 1594 1376 3321 2303
3327 253 2008 1584 3321
3327 3321 2685 537 1584
3327 3321 2685 3065 2710
3327 2573 2911 3350 3321
1964 3327 2911 3321 2337
3327 2970 2071 2073 2552
3327 2573 191 190 2071
3327 1905 1958 3321 2685
3327 2573 2685 191 190
3327 1627 3321 2417 2507
3327 2507 3321 1627 1141
3327 3321 3297 1787 2685
3327 3321 2685 1905 2609
3327 1594 3321 2098 2095
3327 3168 1496 1627 3321
3327 1330 2187 3321 2186
3327 3321 2685 1467 2071
3327 3321 1141 2685 2788
2203 3327 1847 3321 2417
3327 1141 3321 1145 2507
3327 3321 2788 2609 2685
3327 1532 3321 3297 1787
3327 3168 3321 1496 1627
3327 284 3321 1627 300
3327 2507 1627 3321 1535
3327 1376 3321 2685 825
3327 3321 284 1627 994
3327 3168 1627 1496 3321
3327 2573 190 191 2071
3327 2573 3321 769 2685
3327 1627 3321 2685 284
3327 2573 3321 1011 2911
3327 3321 2685 3065 537
3327 2573 2685 3321 2071
3327 2447 3321 2696 2685
3327 3321 2573 2911 2685
2203 3327 3321 1627 1170
3327 2071 2073 3321 2685
3327 3321 2685 2911 3297
3327 1964 3216 2573 2911
